0000197
0000146
0000358
0000134
0000199
0000163
0000158
0000093
0000164
0000008
0000460
0000243
0000432
0000313
0000209
0000020
0000458
0000126
0000142
0000138
0000154
0000380
0000168
0000169
0000228
0000115
0000177
0000151
0000323
0000128
0000246
0000136
0001426
0000537
0000129
0005132
0000450
0000518
0000288
0000377
0001673
0000147
0000123
0001570
0000125
0598971
0000152
0000198
0000148
0000354
0000024
0000582
0000056
0000437
0000457
0000576
0000686
0000620
0000564
0000140
0000353
0000032
0001845
0000336
0000553
0000226
0000245
0000206
0000172
0000514
0000102
0000438
0001128
0177933
0000367
0857620
0000560
0000174
0001618
0001467
0000401
0000104
0000237
0000422
0000216
0004778
0000474
0000671
0915989
0001731
0000179
0001691
0000905
0001638
0000285
0001212
0462407
0000719
0000849
0000078
0350453
0628955
0001557
0910607
0001125
0000063
0000604
0000454
0000640
0000052
0000424
0000634
0504897
0000501
0185819
0000195
0000131
0000249
0479471
0001627
0654110
0000150
0000513
0000092
0001715
0000597
0000114
0000112
0000661
0000095
0000191
0001497
0000412
0000421
0000375
0000111
0000641
0000602
0001492
0000342
0268199
0000662
0000018
0001277
0001326
0000546
0005212
0000160
0000225
0001667
0001029
0000483
0089217
0749263
0413168
0000489
0000297
0000619
0001811
0001772
0000554
0001868
0001133
0001371
0000369
0001016
0641939
0000621
0000332
0001173
0000120
0908919
0700856
0000592
0000287
0004051
0000255
0386472
0420955
0000704
0000321
0000598
0000549
0213912
0000230
0000467
0078517
0001765
0000606
0001806
0000090
0001725
0000221
1219950
0000314
0001018
0000418
0001096
0000681
0005068
0001993
0005458
0586568
0001579
0202966
0001101
0003817
0000188
0001215
0001812
0000156
0001354
0001804
0001556
0000653
0004937
0001311
0000901
0001295
0001702
0000685
0001536
0051509
0290556
0085312
0000389
0000293
0000086
0100186
0893341
0000493
0138770
0002075
0590055
0424565
0001297
0122675
0002048
0000459
0000655
0001283
0000747
0001228
0000558
0001172
0001637
0859365
0002077
0000104
1055413
