0000046
0940627
0000014
0000072
0000012
0000023
0001257
0001805
0000031
0001273
0000006
0001076
0000013
0000267
0000030
0428354
0000039
0000074
0000028
0001256
0001766
0000002
0000017
0143314
0041598
0271658
0182250
0001479
0001055
0531776
0000879
0000038
0000795
0002050
0002093
0000021
0001485
0790454
0570192
0000054
0000752
0001450
0001046
0001463
0000058
0178066
0064607
0641314
0072533
0479164
0002121
0000992
0841797
0001677
0000802
0567408
0000073
0001666
0001318
0001333
0000307
0006471
0000843
0001105
0001998
0001989
0511798
0001225
0779549
0001547
0004266
0001739
0707023
0395043
0182839
0662223
0063353
0001955
0942863
0930565
0000910
0872456
0646829
0000993
0002104
0751426
0733460
0002034
0524853
0020289
0378113
0720843
0943837
0001693
0949835
0001656
0728812
0000081
0310980
0394244
0000840
0092683
0001981
0926897
0000781
0537685
0021329
0001377
0000668
0926599
0001749
0001571
0000047
0000402
0000291
0922213
0010736
0641966
0002022
0002141
0424060
0002108
0837925
0000511
0000043
0337113
0000659
0643353
0571430
0574335
0000742
0000995
0001577
0001159
0339452
1297015
0384908
0181305
0601428
0242972
0000856
0004647
0504125
0402554
0639684
0815433
0280242
0001549
0790452
0613262
0001036
0000066
0002107
0483787
0001335
0001375
0001859
0353405
0914612
0000335
0940946
0681933
0000895
0486136
0792130
0751946
0450810
0794297
0640732
0807252
0397171
0371040
0290215
0924508
0000155
0640547
0001807
0237597
0564790
0001443
0562920
0733480
0601930
0587256
0001788
0942039
0303601
0656428
0187711
0000651
0205626
1567113
0818055
0313438
0463435
0000364
0001119
0068338
0065942
0488306
0001840
0457755
0601553
0579953
0364915
0623658
0917768
0006800
0000951
0722265
0027156
0840531
0086198
0001458
0227039
0000701
0000213
0001157
0948772
0890215
0936730
0939931
0668093
0653642
0094135
0382411
0000845
0404046
0910278
0493069
0001546
0000260
0320006
0797531
0656183
0001401
0192033
0647970
0047810
0275897
0078055
0361823
2885819
0086176
0914083
0731345
0723968
0480784
0001954
0366247
0000254
0968541
0000737
0000744
0000761
0000096
0000267
0000268
0000769
0000795
0038449
0044535
0004647
0001929
0000843
0000845
0000882
0000322
0000006
0077622
0000302
0000950
0093030
0094135
0094789
0000315
0000995
0141380
0000330
0001036
0155098
0001041
0001046
0001049
0000335
0001055
0001057
0185635
0001076
0189093
0001080
0004851
0000130
0000132
0203836
0000012
0001114
0205423
0000014
0000365
0001132
0000366
0000368
0222922
0000017
0237597
0242041
0001159
0002050
0001167
0002059
0266029
2992228
0001201
0000398
0276247
0282630
0000404
0000021
0000149
0289098
0296594
0299028
0001250
0001256
0001257
0000023
0002093
0310980
0315640
0001273
0000084
0002106
0362267
0001318
0363888
0364915
0366027
0366946
0001333
0000028
0372023
0000446
0376602
0000030
0000031
0384908
0394759
0400998
0000456
0001376
0001378
0001388
0413559
0001393
0005049
0421799
0161133
1711154
0428354
0000171
0436706
0439344
0000473
0001416
0000039
1067547
0457219
0001441
0000178
0001448
0001453
0000492
0000046
0001473
0000182
0000047
0001485
0000511
0536167
1671512
0556399
0556850
0000525
0560962
0570192
0000541
0587249
0591485
0591930
0000545
0594244
0001543
0005244
0000194
0603402
0603446
0604709
0606688
0608090
0610228
0611538
1659547
0617009
0623554
0623658
0625075
0636146
0001571
0652961
0656183
0660116
0004650
0001594
0662223
1459779
0674781
0000201
0681933
0700574
0001648
0000603
0717189
0728812
0728938
0000210
0731499
0734156
0001677
0001684
0005386
0747690
0001687
0751301
0751426
0000622
0000212
0757102
0000215
0778016
0000218
0781029
0786891
0792130
0000223
0796662
0797531
0001739
0800386
0001749
0811202
0000651
0822535
0001766
0001767
0831471
0000658
0000659
0837925
0005476
0841797
0842770
0849011
0000072
0000666
0824373
0856500
0000668
0862026
0000074
0000678
0001805
0878302
0880521
0892857
0886638
0900143
0905147
0906723
0907942
0001833
0915208
0000244
0916050
0001838
0001839
0922213
0931329
0000700
0935190
0000701
0001859
0000702
0940946
0001862
0942863
0943837
0948772
0950902
0000250
