0000041
0251027
0000033
0000005
0000229
0000697
0634240
0000040
0000217
0943758
0654868
0000122
0000233
0594503
0000338
0711745
0001392
0001466
0000320
0000399
0001328
0000485
0001486
0001008
0462030
0002030
0000406
0000180
0000419
0001789
0001415
0000095
0000036
0000019
0006249
0301145
0002031
0000142
0611531
0001379
0503777
0752922
0598102
0896542
0001053
0797672
0523932
0000631
0939992
0899581
0955443
0003226
0001104
0000500
0000709
0001437
0000080
0909825
0000591
0440604
0578483
0000116
0000076
0001232
0003836
0199381
0080235
0001120
0947998
0000581
0006703
0920074
0003638
1410815
0828419
0868153
0719756
0564970
0877078
0003593
0002545
0002160
0386246
0332539
0149196
0936404
0000419
0001425
0001661
0001129
0696247
0000975
0236729
0000416
0006498
0881279
0764316
0001202
0001501
0586482
0001023
0006452
0850601
0007181
0000186
0281808
0001348
0000165
0001741
1463981
0000487
0468169
0001124
0000694
0167241
0176699
0000766
0744023
0000774
0695937
0000265
0576529
0890060
0030417
0001843
0135952
0112218
0939182
0006445
0004716
0003433
0202088
0684596
0903049
0000466
0548648
0332950
0001239
0906667
0002045
0045800
0593014
0466153
0138893
0769874
0715346
0452102
0001429
0081449
0000318
0886754
0314584
0000361
0778633
0027572
0001351
0218547
0005363
0000953
0661791
0001402
0004056
0002020
0005222
0000520
0171443
0305557
0339030
0000736
0190859
0000184
0000905
0651900
0793881
0000247
0000108
0001351
0000264
0720297
0000965
0803705
0349425
0001885
0226189
0000428
0905152
1027719
0712947
0065442
0671957
0579828
0856267
0001945
0899121
0000464
0526199
0649097
0449984
0005139
0001837
0002120
0781292
0001532
0000759
0836328
0422638
0454771
0080235
0631872
0847223
0576987
0408076
0001603
0000231
0443411
0015570
0024912
0557945
0083348
0000570
0516360
0442454
0579954
0188669
0496969
0001175
0006487
0623768
0000797
0001178
0359734
0002728
0002233
0001243
0591486
0001880
0898288
0948950
0320285
0796923
0664607
1167933
0001408
1104118
0000490
0945282
0015359
0015091
0945981
0435563
0001331
0327944
0565336
0004306
0565336
0587955
0878763
1560977
1049433
1841577
0570912
0178376
0393799
0751102
0668247
0000537
1022455
